11 11
77
25 425
75 425
75 475
125 475
175 475
175 425
225 425
275 425
275 475
325 475
375 475
375 425
425 425
475 425
475 375
425 375
375 375
375 325
325 325
275 325
275 375
225 375
175 375
175 325
125 325
125 375
75 375
75 325
75 275
75 225
75 175
75 125
75 75
125 75
175 75
225 75
225 125
175 125
125 125
125 175
175 175
225 175
225 225
175 225
125 225
125 275
175 275
225 275
275 275
325 275
375 275
425 275
475 275
475 325
525 325
525 275
525 225
525 175
475 175
425 175
425 225
375 225
325 225
325 175
275 175
275 125
275 75
325 75
375 75
375 125
425 125
475 125
525 125
525 75
475 75
425 75
425 25
